ASP22GEN-1037-Sunday-00_C21,0,0,0,0,0,0,1,20220626,20221127
ASP22GEN-1038-Saturday-00_C50,0,0,0,0,0,1,0,20220702,20221203
ASP22GEN-1091-Weekday-00_C9,1,1,1,1,1,0,0,20220627,20221202
ASP22GEN-2042-Saturday-00_C66,0,0,0,0,0,1,0,20220702,20221203
ASP22GEN-2048-Sunday-00_C58,0,0,0,0,0,0,1,20220626,20221127
ASP22GEN-2099-Weekday-00_C10,1,1,1,1,1,0,0,20220627,20221202
ASP22GEN-2099-Weekday-00_C11,1,1,1,1,1,0,0,20220627,20221202
ASP22GEN-3039-Saturday-00_C61,0,0,0,0,0,1,0,20220702,20221203
ASP22GEN-3041-Sunday-00_C31,0,0,0,0,0,0,1,20220626,20221127
ASP22GEN-3091-Weekday-00_C54,1,1,1,1,1,0,0,20220627,20221202
ASP22GEN-3091-Weekday-00_C55,1,1,1,1,1,0,0,20220627,20221202
ASP22GEN-4043-Saturday-00_C53,0,0,0,0,0,1,0,20220702,20221203
ASP22GEN-4049-Sunday-00_C46,0,0,0,0,0,0,1,20220626,20221127
ASP22GEN-4101-Weekday-00_C18,1,1,1,1,1,0,0,20220627,20221202
ASP22GEN-5043-Saturday-00_C51,0,0,0,0,0,1,0,20220702,20221203
ASP22GEN-5048-Sunday-00_C28,0,0,0,0,0,0,1,20220626,20221127
ASP22GEN-5111-Weekday-00_C64,1,1,1,1,1,0,0,20220627,20221202
ASP22GEN-6030-Sunday-00_C69,0,0,0,0,0,0,1,20220626,20221127
ASP22GEN-6033-Saturday-00_C40,0,0,0,0,0,1,0,20220702,20221203
ASP22GEN-6089-Weekday-00_C67,1,1,1,1,1,0,0,20220627,20221202
ASP22GEN-6089-Weekday-00_C68,1,1,1,1,1,0,0,20220627,20221202
ASP22GEN-7023-Saturday-00_C38,0,0,0,0,0,1,0,20220702,20221203
ASP22GEN-7025-Sunday-00_C14,0,0,0,0,0,0,1,20220626,20221127
ASP22GEN-7062-Weekday-00,1,1,1,1,1,0,0,20220627,20221202
ASP22GEN-7062-Weekday-00_C27,1,1,1,1,1,0,0,20220627,20221202
ASP22GEN-GS013-Saturday-00,0,0,0,0,0,1,0,20220702,20221203
ASP22GEN-GS013-Sunday-00,0,0,0,0,0,0,1,20220626,20221127
ASP22GEN-GS022-Weekday-00,1,1,1,1,1,0,0,20220627,20221202
BSP22GEN-A046-Saturday-00_C20,0,0,0,0,0,1,0,20220702,20221203
BSP22GEN-A054-Sunday-00_C47,0,0,0,0,0,0,1,20220626,20221127
BSP22GEN-A084-Weekday-00_C36,1,1,1,1,1,0,0,20220627,20221202
BSP22GEN-B083-Weekday-00_C41,1,1,1,1,1,0,0,20220627,20221202
BSP22GEN-C025-Saturday-00_C37,0,0,0,0,0,1,0,20220702,20221203
BSP22GEN-C027-Sunday-00_C7,0,0,0,0,0,0,1,20220626,20221127
BSP22GEN-C054-Weekday-00_C8,1,1,1,1,1,0,0,20220627,20221202
BSP22GEN-D039-Saturday-00_C39,0,0,0,0,0,1,0,20220702,20221203
BSP22GEN-D042-Sunday-00_C63,0,0,0,0,0,0,1,20220626,20221127
BSP22GEN-D079-Weekday-00_C56,1,1,1,1,1,0,0,20220627,20221202
BSP22GEN-E041-Saturday-00_C59,0,0,0,0,0,1,0,20220702,20221203
BSP22GEN-E046-Sunday-00_C4,0,0,0,0,0,0,1,20220626,20221127
BSP22GEN-E073-Weekday-00_C33,1,1,1,1,1,0,0,20220627,20221202
BSP22GEN-F044-Saturday-00_C5,0,0,0,0,0,1,0,20220702,20221203
BSP22GEN-F048-Sunday-00_C43,0,0,0,0,0,0,1,20220626,20221127
BSP22GEN-F076-Weekday-00_C26,1,1,1,1,1,0,0,20220627,20221202
BSP22GEN-FS011-Saturday-00,0,0,0,0,0,1,0,20220702,20221203
BSP22GEN-FS011-Weekday-00,1,1,1,1,1,0,0,20220627,20221202
BSP22GEN-FS012-Sunday-00,0,0,0,0,0,0,1,20220626,20221127
BSP22GEN-G036-Saturday-00_C1,0,0,0,0,0,1,0,20220702,20221203
BSP22GEN-G037-Sunday-00_C15,0,0,0,0,0,0,1,20220626,20221127
BSP22GEN-G052-Weekday-00_C34,1,1,1,1,1,0,0,20220627,20221202
BSP22GEN-H025-Sunday-00_C32,0,0,0,0,0,0,1,20220626,20221127
BSP22GEN-H026-Saturday-00_C17,0,0,0,0,0,1,0,20220702,20221203
BSP22GEN-H041-Weekday-00_C49,1,1,1,1,1,0,0,20220627,20221202
BSP22GEN-J032-Saturday-00_C42,0,0,0,0,0,1,0,20220702,20221203
BSP22GEN-J032-Sunday-00_C52,0,0,0,0,0,0,1,20220626,20221127
BSP22GEN-J052-Weekday-00_C12,1,1,1,1,1,0,0,20220627,20221202
BSP22GEN-L022-Saturday-00_C48,0,0,0,0,0,1,0,20220702,20221203
BSP22GEN-L022-Sunday-00_C29,0,0,0,0,0,0,1,20220626,20221127
BSP22GEN-L045-Weekday-00_C6,1,1,1,1,1,0,0,20220627,20221202
BSP22GEN-M023-Sunday-00_C25,0,0,0,0,0,0,1,20220626,20221127
BSP22GEN-M024-Saturday-00_C57,0,0,0,0,0,1,0,20220702,20221203
BSP22GEN-M089-Weekday-00_C65,1,1,1,1,1,0,0,20220627,20221202
BSP22GEN-N056-Saturday-00_C60,0,0,0,0,0,1,0,20220702,20221203
BSP22GEN-N059-Sunday-00_C30,0,0,0,0,0,0,1,20220626,20221127
BSP22GEN-N096-Weekday-00_C45,1,1,1,1,1,0,0,20220627,20221202
BSP22GEN-Q021-Saturday-00_C19,0,0,0,0,0,1,0,20220702,20221203
BSP22GEN-Q023-Sunday-00_C44,0,0,0,0,0,0,1,20220626,20221127
BSP22GEN-Q065-Weekday-00_C13,1,1,1,1,1,0,0,20220627,20221202
BSP22GEN-R050-Sunday-00_C3,0,0,0,0,0,0,1,20220626,20221127
BSP22GEN-R051-Saturday-00_C35,0,0,0,0,0,1,0,20220702,20221203
BSP22GEN-R092-Weekday-00_C2,1,1,1,1,1,0,0,20220627,20221202
SIR-FA2017-SI017-Saturday-00,0,0,0,0,0,1,0,20220702,20221203
SIR-FA2017-SI017-Saturday-00_C16,0,0,0,0,0,1,0,20220702,20221203
SIR-FA2017-SI017-Sunday-00,0,0,0,0,0,0,1,20220626,20221204
SIR-FA2017-SI017-Sunday-00_C62,0,0,0,0,0,0,1,20220626,20221204
SIR-FA2017-SI017-Weekday-08,1,1,1,1,1,0,0,20220627,20221202
SIR-FA2017-SI017-Weekday-08_C22,1,1,1,1,1,0,0,20220627,20221202
SIR-FA2017-SI017-Weekday-08_C23,1,1,1,1,1,0,0,20220627,20221202
SIR-FA2017-SI017-Weekday-08_C24,1,1,1,1,1,0,0,20220627,20221202
SIR-FA2017-SI017-Weekday-08_C77,1,1,1,1,1,0,0,20220627,20221202
SIR-FA2018-SI017-Saturday-00,0,0,0,0,0,1,0,20220704,20220704
SIR-FA2018-SI017-Sunday-00,0,0,0,0,0,0,1,20220905,20220905
SIR-SP2018-SI017-Sunday-00,0,0,0,0,0,0,1,20221124,20221124
